1000
26782 9
36830 25644 65722 10110 60143 56843 72310 21073 76917 
11523 12
54667 26471 46260 50457 46676 54666 54665 54664 54253 12619 1338 54662 
24819 6
74101 74443 42980 50419 45428 75673 
12474 6
30308 45886 1103 43033 18751 57273 
10402 6
51183 41547 51182 730 51181 51180 
27998 7
49499 46742 9181 63122 30063 64339 77586 
5784 5
33036 33035 33034 6253 33033 
20506 6
23986 9946 71772 67164 44250 71771 
8364 5
9154 26917 44041 43173 44040 
24173 8
71802 7044 27051 34383 60382 3860 24847 75224 
16415 10
3356 66009 1451 2407 32585 18484 66008 66007 65547 66006 
179 5
1227 1226 1225 1224 1215 
6160 9
34778 2479 34777 34776 19060 34775 34774 34773 34772 
22428 7
65988 73528 68219 24026 49687 3064 73794 
20761 7
62570 33155 64787 30247 19504 42057 72073 
21640 7
73020 29638 29351 37152 2632 67643 73019 
19517 6
57028 11059 7479 56369 70604 70602 
2141 9
13721 13720 5371 13719 13718 13717 13716 13715 13709 
553 8
3722 3721 3720 3719 3718 506 3717 3711 
23795 6
20743 50113 51460 13819 73500 74940 
8891 10
36042 15876 40788 38449 46012 46011 46010 28358 46009 46007 
28080 11
38391 16828 44839 77294 44087 20782 13930 67978 64006 32386 77629 
18904 6
54867 17177 12500 60509 65322 69803 
6443 6
26431 27419 36015 36014 25202 36009 
15377 10
64016 16815 64015 64014 12899 56575 12392 64013 33202 64010 
28822 7
43744 9232 16407 36455 5359 71706 78010 
14118 8
61270 19451 50955 21297 61269 14277 47688 61268 
141 6
971 970 969 968 967 958 
24634 7
8775 9170 46306 73028 67263 28752 75546 
22155 4
43122 41832 13588 73544 
14946 7
63108 63107 63106 63105 181 18428 63104 
22419 8
44149 8264 13126 70874 62247 7618 45493 73785 
19668 11
50634 50696 50802 22373 62463 49508 66182 36437 7007 57911 70803 
21789 7
71604 58864 57415 4931 57912 73181 73179 
16209 4
62079 54146 65626 65622 
28183 11
29214 20618 63807 77681 30627 77385 76369 33338 10324 7447 77680 
11353 5
8295 41332 32290 54159 54156 
28170 8
76960 26150 33184 35460 55665 50031 73701 77674 
9299 11
47486 28515 19640 47485 13352 36953 47484 14413 47483 25267 47481 
7215 6
39404 25045 39403 245 39402 39396 
26654 6
76844 68188 40998 14638 69190 76843 
25464 6
40498 69734 27980 51637 59107 76119 
6469 7
36126 36125 36124 7450 36123 36122 36116 
2801 6
17606 16233 17605 7324 17604 17597 
9377 10
9568 47755 47754 19422 47753 30252 47428 40172 25807 47750 
27087 11
70720 63516 26469 76437 25106 48017 13241 71313 73522 76261 77096 
459 6
3103 3102 3101 3100 3099 3090 
2350 6
14976 14975 14974 14973 14972 14971 
6388 7
35765 23444 21354 21798 35764 30807 35763 
3295 2
20384 20376 
2089 8
13427 13426 13425 13424 13423 13422 13421 13416 
23983 8
8439 14634 18953 5225 31907 75082 42880 75081 
13772 8
26341 29039 60478 48897 59777 29987 56190 60477 
6539 8
30568 1860 19729 15921 36445 36444 33093 36440 
28126 8
49035 19475 9575 48052 59778 15013 40910 77652 
1782 10
11572 11571 11570 11569 11568 11567 11566 11565 4570 11564 
12514 11
16735 57392 37420 48776 45073 48177 34762 18553 31229 27019 57391 
3373 7
20811 2211 20810 10246 20809 20808 20802 
9551 10
48357 17018 48356 44870 48355 48354 14530 48353 1946 48349 
17183 6
28922 62591 6486 34647 49898 67300 
11705 5
28723 55170 17309 7060 55167 
5651 5
32416 32415 32414 32413 32406 
26956 8
23293 1538 70663 44450 69175 46339 74066 77023 
14881 7
48302 56915 52498 16573 62974 12029 62971 
9216 9
47191 19248 5783 47190 47189 47188 8530 14519 47187 
18796 6
40644 65770 69670 48398 59489 69669 
14640 8
62454 23854 14919 42252 48786 41555 62453 62452 
18080 5
40805 46762 27951 34797 68668 
15074 6
49648 63380 63379 30078 63378 63377 
20693 10
23701 54424 47466 60910 25219 45195 35681 49731 45720 71992 
28123 7
38286 42305 48047 43108 26823 49194 77650 
693 6
4651 4650 4649 4648 4647 4638 
1584 7
10366 10365 10364 10363 10362 10361 10360 
11716 12
55200 53047 38544 15674 55199 6086 8273 25011 55198 40316 5122 55197 
21827 8
3264 67202 47569 11501 18766 73218 40048 73216 
2525 8
16034 16033 16032 16031 16030 16029 16028 16021 
16481 9
64009 66140 16560 66139 5775 66138 2862 29976 66137 
4058 9
24487 24486 10579 24485 24484 24483 24482 24481 24480 
23592 5
35 13687 11746 6747 74772 
28060 9
51276 68104 71220 39539 7650 59383 66862 1088 77617 
10993 8
34338 30520 5396 44525 53066 3996 53065 53062 
7305 9
35547 39778 23896 28147 39777 39776 39775 39774 39770 
1491 4
9794 7946 9793 9784 
9827 9
34025 49281 23487 4853 49280 17141 727 14156 49277 
13850 8
48812 41461 38239 17941 18103 60664 1452 60663 
16764 5
62441 66337 60275 37409 66642 
15375 6
47278 38018 64008 64007 50283 64002 
3599 7
22042 22041 15192 22040 22039 1677 22032 
14733 6
7807 52835 35336 62651 62650 62645 
21696 7
36249 55972 56478 47765 50987 2494 73083 
1130 8
7502 7501 7500 7499 7063 7498 7497 7496 
25241 10
62582 43743 48754 7739 73930 66824 38414 1587 75760 75966 
16715 7
29056 30648 56820 55528 66562 66561 66559 
2105 6
13522 13521 13520 13519 13518 13509 
29550 8
44154 73008 66060 27112 37808 66750 55776 78375 
26920 7
75600 45053 12495 75588 40879 40717 77004 
6541 7
36458 36457 36456 36454 36453 36452 36446 
15112 8
284 50296 63450 63449 59271 19074 34475 63448 
24059 6
35653 68500 18059 41859 27449 75135 
24790 7
27555 28964 24393 44793 18200 17681 75652 
14542 7
62227 57190 62226 37270 46470 62225 62224 
5491 8
30553 30400 31647 31646 22532 31645 31644 31642 
2416 8
97 15380 15379 15378 15377 15376 15375 15374 
10285 6
47943 9437 50791 50790 24747 50788 
12214 7
28389 28993 56581 16039 56580 44103 56579 
9085 7
39241 46730 43405 8393 46729 5210 46724 
6673 9
27101 18026 22772 37031 16432 37030 25612 37029 37024 
23225 8
814 38199 74324 49782 5100 16812 63932 74497 
15098 5
63424 61775 36590 44681 63423 
23187 8
73222 14160 69000 34726 50998 22566 34079 74462 
23476 6
43689 32597 47992 1873 58992 74690 
26926 10
14452 6935 16273 40971 42621 67115 60787 64890 35070 77007 
22028 4
57017 41780 6844 73421 
4215 5
4142 25296 25295 25294 25291 
22788 7
71045 14196 68705 33526 11136 35878 74126 
3345 5
20651 20650 20649 20648 20642 
28136 4
11357 52109 63436 77657 
19981 9
54985 36345 33529 71169 67638 61062 30482 65230 71168 
17718 7
16774 47308 53488 39798 68127 56614 68126 
10289 6
8877 12407 50803 23765 39182 50798 
19063 5
55195 54789 62528 55557 70029 
2195 12
14043 14042 14041 14040 14039 14038 14037 14036 14035 14034 14033 14031 
11226 8
53784 53783 53782 53781 53780 53779 53778 53777 
2420 7
15398 5893 15350 15397 15396 15395 15394 
27564 10
11833 70851 11747 37440 30276 46188 36779 65466 30592 77357 
3485 6
21429 21428 21427 21426 21425 21421 
26784 8
28185 62219 27132 63773 507 70951 38427 76918 
13475 7
26641 17920 16700 57698 8123 37496 59781 
20168 7
5193 40122 71391 71390 62070 28199 71389 
23609 5
68743 72029 55517 61997 74784 
10011 7
49896 17677 49895 40880 49894 23221 49889 
8977 7
15485 46343 46342 46341 31732 46340 46336 
22297 7
5983 25992 52519 52718 10911 49476 73689 
20070 7
1657 67655 71279 16532 52134 26661 71278 
6567 10
36577 35874 36576 36575 25368 14183 36574 19578 36573 36570 
26033 10
13068 76478 52011 44598 70588 38456 61236 13617 55848 76477 
23755 6
49204 4823 29273 13739 52401 74914 
20276 9
54804 31831 11640 45539 47042 53445 65999 32186 71518 
28438 9
48783 45229 9529 61660 57617 46915 58218 28663 77813 
20677 9
71966 42442 36216 6070 41468 71965 70711 71964 71963 
13852 10
17472 53471 60667 54984 49658 53317 1729 60666 6878 60665 
5264 8
30559 30558 29698 25742 30557 30556 30555 30554 
15808 8
39064 46051 64864 64863 64862 4148 39240 64861 
2472 11
15721 15720 15719 15718 15717 15716 940 15715 15714 15713 15712 
6057 5
34308 10076 12553 34307 34300 
8547 6
44734 44733 24198 43494 38118 44728 
15408 6
8114 58474 64079 63842 24372 64078 
21501 8
72869 62239 5878 72868 60495 14337 30910 72867 
16094 8
27207 36201 10315 23844 65403 27502 44810 65402 
28406 7
11241 31872 74070 52384 13048 49723 77796 
28240 8
61704 30443 57928 33625 26814 64088 39781 77712 
14553 3
36224 14701 62249 
25067 7
69679 56394 43947 15132 71283 36769 75845 
7390 9
40127 25187 40126 17105 40125 17918 2331 40124 40123 
189 9
1295 1294 1293 1292 1291 1290 1289 1288 1282 
4027 8
950 24324 24323 24322 24321 24320 24319 24312 
20016 7
39093 34278 34544 61324 48622 42618 71212 
9492 9
48151 19837 10340 11150 45221 147 48150 13326 48149 
17821 8
5515 68289 50480 14214 31284 36952 57869 68287 
26903 8
18340 12726 2839 73196 60848 30951 31461 76994 
18819 4
53330 21250 24408 69701 
2698 5
17019 17017 17016 17015 17014 
9100 7
38605 46776 11107 15094 13841 46775 46774 
20002 9
71191 43142 63093 44234 29944 66306 54852 26593 71190 
4105 10
24738 12769 24737 380 11657 24736 24735 24734 18325 24732 
3171 7
19694 17623 19693 18753 9631 19692 19686 
14623 6
26878 62412 60891 33214 62411 62408 
2764 8
17400 17399 17398 17397 17396 3725 17395 17394 
2215 6
14161 14159 14158 14157 14155 14149 
16607 9
66366 58062 65857 54543 63244 63077 15727 66365 66364 
29171 8
62619 29067 44553 75277 23979 42187 64153 78184 
10071 7
29843 26033 50093 19465 25212 50092 50087 
7982 9
29406 37788 42503 23900 33433 19727 42502 17090 42501 
22481 9
54048 43347 62948 33750 24470 4701 12139 63387 73837 
15959 10
39664 64910 32973 47869 7563 53035 6351 65137 61216 65136 
4568 10
26944 17305 27110 27109 27108 3867 27107 9821 27106 27105 
24004 6
39452 65346 75101 72975 26454 75100 
8247 6
43577 34702 43576 43575 43574 43569 
27374 7
72354 31712 65144 34660 56693 37349 77251 
10621 7
11799 13483 51916 48252 43639 51915 51910 
25090 10
71708 43811 55241 68742 35906 56884 49633 43579 35249 75863 
2560 8
16230 6938 16229 9 16228 16227 16226 16225 
5182 5
25161 30162 30161 30160 30159 
21236 4
17125 5918 3909 72586 
3223 9
19987 19986 19985 19984 19983 19982 19981 19980 19974 
29756 9
62529 77907 20566 12411 62424 17443 70503 34022 78478 
11476 8
54527 1599 18748 54526 54525 54524 53343 54523 
23864 10
60215 39747 19426 31761 55373 74994 70431 69470 60927 74993 
17026 11
41067 39710 67048 59424 67047 21276 49773 51663 66623 54612 67046 
1819 7
11786 11052 11785 11784 11783 11782 11776 
7954 6
42396 42395 40685 42394 42393 42392 
11719 6
54210 28530 21864 2525 8059 55201 
21641 5
68356 73021 34304 1278 27745 
18952 8
69875 226 53509 68574 35012 49291 46833 69874 
5983 9
33984 20056 11931 33983 33982 33981 32859 18046 33978 
14095 5
61224 5837 18840 61223 61220 
147 6
1011 1010 1009 1008 1007 999 
25845 7
35307 25803 46539 26497 39118 2166 76362 
3228 7
20014 20013 4777 20012 20011 20010 20009 
1647 7
10743 10742 10741 10740 10739 2323 10731 
6521 12
36366 36365 36364 1737 36363 36362 17564 20303 29618 36361 36360 36357 
27527 4
46873 74340 74757 77338 
4390 8
1087 26211 26210 26209 26208 26207 26206 26205 
20997 6
6446 47283 72325 9982 72324 72323 
12347 6
56927 8811 38608 32841 46004 56925 
6454 7
14313 36060 36059 31204 2848 7040 36058 
23779 10
49907 49958 63271 27602 24807 37575 60913 74614 6122 74928 
17898 8
48331 61516 32303 68412 42283 68411 43454 68410 
25174 6
58268 29464 53853 23247 74050 75922 
11100 8
53395 53394 53393 53392 47063 34613 53391 53390 
26087 8
7171 61415 26816 50337 49473 56709 41181 76510 
28228 7
59674 63020 57083 43161 57569 56567 77704 
15333 4
13787 12898 63912 63909 
26196 7
15446 6692 23121 2235 56249 73060 76579 
8648 6
45112 45111 45110 45109 21923 45108 
12647 4
22917 52970 6626 57699 
20802 7
59978 44860 5586 50134 38568 45015 72119 
25022 9
56703 72873 51611 29925 75784 75818 75405 72943 75817 
24232 8
18239 29103 61036 32394 28952 15062 66940 75266 
13001 8
26519 31919 49749 56572 22743 20922 39448 58581 
5526 5
31817 31816 12260 31815 31814 
15888 8
51906 20055 65009 62349 62117 61558 65008 65007 
27153 11
8684 53812 77017 68291 5028 4911 40711 37365 58446 66444 77129 
26756 10
74158 44507 61376 56740 64325 21910 5738 59184 12770 76902 
15981 6
42443 37939 40074 63163 40101 65171 
27358 10
76512 19524 76996 65195 49727 67023 37261 17263 22815 77243 
27835 7
39562 60845 63537 70153 74844 15368 77501 
9975 6
39616 6197 49783 49781 10946 49778 
13775 5
60488 60487 52265 49973 60482 
20124 6
7310 26203 43624 60701 8003 71337 
1962 8
4039 12669 12668 12667 12666 12665 12664 12663 
9348 4
47662 47661 47660 47659 
18146 7
17100 49729 28819 16289 41233 2438 68762 
27740 7
73762 25904 37540 10514 44299 56622 77453 
9408 9
47872 47871 47870 47868 37298 47867 47866 47865 47864 
57 5
401 400 399 398 388 
12055 7
6080 56144 35779 13898 46698 48402 56141 
3701 6
4428 22604 22603 22602 22601 22594 
15890 8
65016 65015 65014 4843 65013 65012 65011 65010 
7938 5
28784 42333 42332 12473 42331 
8773 5
45596 45595 45594 45593 45588 
8671 6
36053 41529 28962 45194 28651 45189 
26512 8
39471 38423 40981 32145 45855 68333 69335 76765 
12524 9
7174 34187 41936 31553 55208 57411 36945 9017 57410 
22332 5
38878 69793 62483 11655 73717 
8662 5
10414 26540 45159 45158 45157 
14745 8
41213 62677 7738 55900 45557 678 62676 62675 
11403 6
54318 4686 54317 32246 54316 54310 
15306 7
63851 31286 63471 63850 25979 32243 63849 
12988 5
58552 44059 21534 22308 58551 
23435 9
59227 18781 8139 33026 57287 47730 58742 42700 74658 
26040 8
59198 53626 55800 40033 38729 27155 31524 76482 
10809 5
52490 52489 14500 52488 52479 
10077 5
50112 16290 14899 3603 50106 
6132 7
34662 32301 34661 34659 15142 34658 34657 
24986 10
54670 10673 17929 5555 44852 65970 19008 55265 38740 75789 
2648 9
4154 13318 16726 16725 16724 16723 1628 16722 16721 
18941 4
40226 1247 48336 69856 
6360 5
35639 1597 35638 35637 35636 
12030 8
37253 32986 56070 51478 56069 54696 26165 56068 
27667 7
16905 919 46773 10338 27242 68192 77413 
25138 9
75485 33090 64459 26082 16902 70020 65550 63859 75899 
1377 6
9074 9073 9072 9071 5408 9062 
4556 10
27049 20611 27048 11860 22820 27047 15729 27046 27045 27044 
18308 5
57132 35170 69002 57151 69001 
11724 10
8485 47886 55218 55217 40453 26702 55216 15475 55215 55214 
23249 8
64368 72527 33855 53389 71565 15323 60057 74514 
20829 5
72145 25607 45862 69852 72142 
10535 6
51624 51623 15156 50410 3146 51619 
18656 6
28414 8470 65417 45048 50205 69479 
5469 9
28731 31552 31551 15357 31550 16106 20433 5988 31545 
4403 6
26280 26279 26278 26277 26276 26269 
12922 6
53964 58387 58386 58385 58384 58383 
7762 2
34295 41632 
16958 12
724 66934 10515 53590 57390 29613 66933 953 10219 43606 46098 66932 
9254 7
47332 47331 47330 47329 47328 47327 47326 
26859 9
21153 55368 76724 39174 56611 67455 71120 58163 76962 
24744 7
56459 50946 74371 71266 8379 74012 75619 
7274 7
30486 37712 37433 754 39647 39646 39645 
801 7
5350 5349 5348 5347 5346 5345 5338 
25289 6
59370 7544 2389 10877 32418 76000 
5816 7
5791 33186 33185 31739 13286 33183 33182 
17493 7
39479 61651 67753 28655 67752 15849 67749 
14933 6
50878 15965 29489 16048 16198 63076 
28329 6
13962 56989 60303 47524 50176 77757 
12501 4
7872 57360 46156 57354 
19874 8
22805 61142 3862 71050 4426 10199 56430 71049 
628 5
4217 4216 183 4215 4214 
18686 8
26036 8572 69517 35634 6827 28638 37735 69516 
25990 7
76452 76042 24446 6717 50429 60730 76451 
7249 7
39541 39540 39538 26241 26680 39537 39533 
958 7
6387 6386 6385 6384 6383 6382 6381 
27526 9
52517 70138 50940 9404 13086 60189 58096 59556 59564 
20690 7
41370 4327 71990 71989 30 71988 71987 
18331 5
69035 6217 56340 48806 69033 
2108 8
13538 13537 8822 13536 6230 12844 13471 13535 
12539 11
57445 24623 18150 57444 56789 10392 57443 34418 29239 57442 57440 
15783 10
52675 64816 8767 63835 46821 26217 8662 63950 42750 64814 
29974 7
42420 22812 70476 66153 75304 6009 78587 
21420 10
60154 46445 63856 48543 62611 647 50261 72788 72787 72786 
25081 8
50328 30806 37195 71219 44225 2464 13812 75855 
14191 8
38200 39658 61427 53292 13107 41302 37227 61424 
19565 4
18076 70665 58324 70660 
12215 7
56585 12684 56584 8205 3352 56583 56582 
21146 6
72491 50795 25931 31153 67871 72490 
9323 7
47573 37191 47572 47571 19048 31203 47570 
12233 8
901 48931 39364 56628 21192 12372 17598 56626 
16127 6
51354 1261 34677 59053 1896 65459 
12378 6
36378 1267 13774 33128 56231 57012 
2074 10
13338 13337 13336 9799 13335 13334 13333 13332 11170 13331 
16888 8
59425 28562 65280 38028 14312 3273 66823 66822 
2645 8
16708 16707 16706 16705 7972 16704 16703 16697 
8794 7
45675 45674 17408 45673 431 45672 45671 
3873 9
5306 21796 4919 7050 7443 17253 23517 23516 23511 
3307 6
20449 20448 17219 20447 20446 20438 
20200 9
9451 44208 55909 44156 50138 64135 15995 49613 71430 
22999 7
55725 18250 3112 9601 10885 74310 74309 
5241 6
30445 30444 30442 30441 30440 30434 
28695 4
34929 30104 64791 77945 
23923 7
38842 66322 37621 1467 1433 51453 75041 
17640 5
61060 52700 33203 38273 68002 
14732 7
62649 56244 28392 62648 8022 62647 62646 
17167 9
66005 10829 24603 19461 43962 67276 14370 66292 67275 
21946 7
73332 10827 55819 73331 63213 41616 73330 
3317 7
12981 20504 20503 5164 20502 20501 20494 
8441 4
44328 1076 44327 44322 
18925 6
69837 39234 7068 51071 69836 69833 
14595 8
62342 48068 33266 49232 44342 22332 36895 62341 
2844 9
17852 17851 17850 17849 17848 17847 17846 17845 17844 
27653 6
67192 65021 33590 48396 57871 77406 
17518 7
59298 24770 55397 67795 6264 64655 67794 
29501 6
15534 64751 25697 25470 59874 78350 
29979 10
32876 73044 68258 49509 3638 23460 75385 50942 53105 78589 
9553 6
27807 38680 24519 44019 29230 48358 
23879 8
30207 33571 13547 43240 75005 66930 66236 75004 
19983 9
19586 36829 34755 39971 52137 71172 1999 14506 71170 
26434 7
31634 12559 61025 3202 32624 17587 76718 
24891 6
60224 71258 63905 54600 26405 75724 
24468 9
74814 12661 58314 23794 20148 21347 35328 33587 75428 
14687 6
3450 59245 62555 56643 50714 62553 
29998 11
40344 30202 35644 31686 37596 17819 49152 63287 53079 28303 78599 
15992 8
65193 44425 9694 41624 38765 65192 49837 65191 
17750 7
62477 50893 68174 43529 18737 39662 68173 
12560 8
6959 46667 1901 36983 23512 20003 57502 57501 
29232 10
51074 11562 7508 30223 52707 12904 48559 19202 33187 78215 
29003 6
39709 65502 33748 9708 5211 78100 
28935 6
55343 5005 19150 52746 15934 78066 
9770 6
8414 48131 49094 29115 49093 49092 
26091 6
73671 73924 65327 19890 2986 76513 
26107 5
25365 76237 7655 54201 76525 
16727 3
28844 66582 66579 
13338 6
12426 21059 54642 31664 51630 59433 
27292 6
53439 53397 65475 40141 68573 77210 
25500 6
28218 76143 64302 9761 64522 76142 
8226 9
29600 25354 43492 43491 43490 43489 9637 43488 43487 
10287 7
14759 45395 17737 50797 21669 50796 50792 
17923 7
10777 9855 46946 68442 10458 68441 68440 
10493 7
51498 5186 51497 40179 51496 51495 51490 
28948 5
16630 47536 22138 12324 78073 
21415 9
36547 48426 72780 5411 63746 18679 40382 26892 72778 
27362 5
44951 72789 48480 25276 77245 
23507 4
74712 48904 53346 74711 
14061 6
36177 59160 61160 37685 8357 61156 
4811 9
11527 28322 28321 28320 28319 28318 28317 7741 28313 
27025 8
34486 46256 75297 45247 72366 65874 37846 77061 
5891 7
10540 33555 23513 33554 33553 33552 33545 
5047 6
25286 25957 29487 29486 29485 29477 
15975 8
11547 41631 5264 65162 65161 53012 44056 65158 
12714 6
12979 9621 34603 17742 45113 57873 
10542 7
48083 5447 51650 12294 51649 21520 51648 
11299 5
53998 16832 5342 53997 53994 
9781 13
49128 49127 49126 49125 12368 41280 2390 20362 40904 34600 45656 42972 49124 
955 9
6366 6365 6364 6363 6362 6361 6360 6359 6354 
21887 7
68474 54337 13482 19075 50529 389 73277 
11746 8
11819 55282 30589 13250 40431 22112 55281 55280 
2876 7
18027 18025 18024 18023 18022 18021 18020 
28751 10
75662 48259 35587 51069 14725 71023 58273 11920 38722 77974 
15376 4
1533 64012 64011 29426 
23676 7
38628 70592 64103 35704 74846 34877 74845 
25229 9
67593 42286 30287 49688 61898 42345 63015 66061 75956 
29492 6
57041 28237 43987 36309 41704 78346 
7874 9
42089 42088 42087 17312 34620 38932 42086 42085 42084 
18073 6
44866 52350 68660 64957 9796 68659 
25293 7
52638 45899 12680 76003 41615 68211 76002 
14967 8
57496 63154 45928 44364 42405 61809 63153 63150 
20456 5
40521 71719 71718 71717 71716 
10026 10
49944 49943 49942 49941 49940 46165 22523 49939 49938 49937 
14558 8
21990 55891 22073 44821 35967 2828 7893 62260 
13397 7
13974 22822 41001 59588 59587 44779 59582 
15534 11
60551 38972 27373 40025 56767 41600 19971 16436 26822 42224 64332 
11767 11
55346 159 7288 14152 36288 23449 14486 55345 55344 53259 55340 
5407 7
11919 17161 350 18921 26422 7666 31251 
27503 8
16881 6870 58231 32304 74992 52522 1001 77324 
12599 7
57584 57583 45186 41893 26090 24091 57580 
11941 4
26022 55834 51954 55827 
19221 7
4546 42721 5808 50233 57659 2747 70259 
3656 11
22352 4153 22351 22350 22349 5902 22348 22347 17870 12222 22346 
9293 6
42317 47465 31928 2354 47464 47459 
471 10
3183 3182 3181 3180 3179 3178 3177 3176 3175 3171 
11553 9
14760 54745 22871 54744 21008 19722 49005 44764 54741 
3871 8
23510 23509 23508 11832 23507 23506 23505 23499 
18306 8
59357 21365 32426 3188 62406 18678 68998 68997 
11605 6
54883 54882 37083 34362 30169 54879 
16406 7
57006 25834 40944 56813 65990 43200 65989 
6529 7
23413 36407 36406 36405 36404 36403 36396 
15148 7
32195 42678 28677 56743 56912 54954 63524 
108 9
746 745 744 743 742 741 740 739 738 
22936 8
44358 56187 52739 56371 29951 70612 70987 74255 
29148 4
12348 54778 73610 78173 
7769 5
25422 41660 41659 41658 41652 
25704 3
13559 34839 76276 
5608 6
32205 32204 32203 32202 16373 32201 
7541 7
15748 1194 17267 13050 40742 40741 40737 
15044 7
9173 54839 62711 60429 34428 63310 63309 
261 6
1781 1780 1779 1778 1777 1768 
11356 6
43734 54167 46393 10661 36826 54166 
265 5
1808 1807 1806 1805 1796 
8747 9
7207 34870 11674 45495 36560 10327 45494 45492 45490 
9042 4
46569 28146 34682 46568 
7288 9
10437 33177 39708 39707 23289 39706 39705 9175 39704 
14630 7
9513 47507 16299 40183 34535 42842 62432 
22441 6
60172 23485 73805 15007 63298 73803 
23784 7
46347 12067 21299 46480 68138 38015 74932 
26904 7
26113 39869 40695 50326 30174 8695 76995 
22552 8
38731 73904 70278 67875 37671 25605 14791 73903 
29200 8
50785 75502 70801 52840 23471 449 2107 78199 
18917 8
53186 69820 66709 2016 38469 52214 55079 69819 
24241 6
72446 10905 15000 35664 59055 75270 
18474 6
69080 2603 9460 32136 12819 69227 
1240 10
8203 8202 8201 8200 8199 8198 8197 8196 8195 8194 
15578 7
64421 24972 64420 44533 15728 64419 64418 
12181 7
56483 34697 56482 38553 56481 30435 56479 
280 7
1909 1908 1907 1906 1905 1904 1903 
25107 4
21443 14109 35327 75875 
18744 5
69605 24632 64409 40487 69604 
24107 7
38195 66964 13297 58690 57451 17370 75172 
15514 8
57606 35299 33269 24779 64289 21821 537 64288 
18438 5
69183 15358 28405 39251 69182 
22603 9
70957 61904 55038 51230 16378 45072 19254 62738 73954 
6981 8
38430 38429 12758 10902 38428 38426 38425 38422 
10241 7
27288 10135 50649 50648 42736 50647 50643 
7411 7
16531 5238 40197 40196 40195 14143 40191 
27114 6
17907 8328 74964 20753 74987 77110 
8644 9
45096 45095 18107 45094 45093 6610 12518 18613 45092 
6399 8
32782 24181 35812 35811 35810 35809 35808 35803 
8042 5
42759 17808 42758 42757 42756 
25309 6
55705 3174 67602 68142 74463 76015 
2985 6
18652 18651 18650 18649 18648 18640 
25318 10
65896 60321 66636 65820 55191 76021 69239 49111 782 76020 
29207 6
50242 5328 64518 70400 68331 78202 
5682 6
3044 32570 32569 32568 32567 32566 
3068 8
19125 19124 19123 19122 19121 19120 19119 19118 
10540 5
51643 13311 51642 34766 51641 
1424 9
9377 9376 9375 9374 9373 9372 9371 9370 9369 
17324 9
29281 52733 32160 16846 58906 49133 10655 34387 67509 
5341 6
30932 23102 30931 11414 10164 30922 
21835 4
39931 56437 67695 73225 
12262 7
46796 56702 48162 29310 27402 56701 56700 
27079 11
51078 49597 12178 65783 3319 36282 54292 24553 63977 74739 77091 
16062 8
61266 65334 46026 62380 16187 65333 65332 65331 
24366 9
65047 54438 43129 59167 13274 42456 69955 39292 75356 
6585 4
36655 36654 36653 36643 
8611 7
44969 2341 2056 44968 28486 44967 44961 
25849 6
16380 19814 59832 42309 53534 76365 
12799 9
52189 38476 58084 39047 48699 58083 16806 56307 58081 
9219 9
13246 47204 47203 21363 5677 47202 45222 37013 47196 
11271 9
16459 27056 8126 53919 31604 43961 36936 26438 53916 
28960 4
37770 73049 60669 78079 
9137 12
17244 46912 46911 24071 16683 30216 46910 46909 5551 46908 35817 46906 
16656 5
53005 66447 66446 45298 66445 
24211 9
14463 2874 59397 65529 27262 62522 72161 40922 75251 
9439 7
47975 35524 8103 14330 25255 7625 47972 
5783 9
6163 33032 8084 33031 33030 23949 33029 33028 33023 
5235 7
30414 30413 29111 17505 30412 30411 30405 
6578 7
2969 36621 13944 36620 7347 36619 36618 
19612 7
68114 43914 46891 39048 70733 70535 70732 
835 6
5573 5572 5571 5570 5569 5560 
5056 5
29530 29529 29528 29527 29526 
28300 6
65468 8394 41350 20091 25838 77742 
3713 7
22662 22661 22660 22659 22658 22657 22651 
12602 8
3271 57594 57593 57592 57591 20882 57590 57589 
20496 8
54933 34790 27180 46607 52731 68771 31061 71765 
18741 6
57179 2887 33141 34888 5390 69600 
4234 5
25397 25396 25395 25394 25393 
22802 5
29978 68649 9143 20121 74140 
12648 5
18209 26691 57703 36342 57702 
11038 7
24199 38022 28202 38922 53204 53203 53202 
18371 9
51493 6063 19009 27976 13600 69088 24627 69087 69086 
4359 5
26039 26038 16819 26037 26028 
22439 7
29780 3781 73802 68359 49488 16339 73801 
19223 4
29937 33689 55381 70261 
28041 9
72224 2953 6963 39399 61020 17118 59375 30642 77607 
29074 8
52574 9350 19134 66962 68460 67677 76572 78136 
19106 4
14343 21631 70098 70097 
2999 8
7355 18733 18732 18731 18730 18729 18728 18721 
19085 7
18112 70061 65748 46022 59005 22122 70058 
14289 7
61640 57420 42248 43168 45424 61639 61637 
4178 3
7695 17323 25100 
21206 7
60409 52048 48062 30389 69933 9630 72558 
12876 8
49293 4261 52559 58267 58266 58265 58264 58263 
23574 10
32824 73869 39117 59233 30054 38226 14707 68900 70090 74760 
19239 8
12444 2592 21293 18926 28003 21149 70087 70281 
29292 7
55604 32781 60884 67081 67571 12507 78245 
27788 6
61673 11804 29510 4854 34633 77477 
26819 9
27833 38748 36449 62135 60563 26865 48523 21371 76940 
22756 8
71693 18938 33929 51905 25163 55727 2005 74102 
29449 5
58369 15231 69652 20538 78324 
7503 8
40593 12237 23840 40592 40591 39153 40590 40586 
28540 6
35563 70926 59320 4520 72570 77866 
11207 7
53728 18670 25259 53727 16776 53726 53724 
23368 8
44296 35368 67732 55890 4487 33174 17392 74610 
8888 7
46000 45999 8475 21577 17757 9590 45998 
20115 8
71330 13811 55797 19560 14626 71329 24193 71328 
28876 7
11240 30904 64037 32353 71621 27145 78037 
7359 8
40003 40002 40001 40000 39999 35507 39998 39992 
14027 7
61079 5784 61078 29107 26855 61077 61073 
2051 8
13195 13194 13193 13192 7977 11734 13191 13187 
2295 8
8534 14645 14644 14643 14642 14641 14640 14635 
27883 10
42485 57875 72092 63071 56013 8061 72711 44042 18355 77526 
8384 5
34241 44123 20387 44122 44121 
25926 5
66665 30502 3572 71435 76413 
16675 4
66488 28693 66487 66481 
12653 8
43380 57716 39865 41284 511 16793 34076 57713 
10818 7
46932 52515 52514 52513 5710 52512 52511 
23211 8
15065 68020 31219 64892 53980 34046 74484 74483 
24457 8
70268 37742 14547 8358 39649 38363 70525 75417 
27029 8
17932 72766 46380 62565 38309 53282 63633 77063 
370 7
2507 2506 2505 2504 2503 2502 2501 
18648 7
50453 69471 5226 48596 5119 40154 69469 
10211 7
50556 50555 50554 31723 34910 37928 50552 
29734 4
53294 56158 22427 78467 
20555 6
49874 71830 71829 8432 25922 71825 
19844 9
40132 28213 19673 59710 52969 30982 59547 38115 71012 
10086 6
50143 27893 34907 36542 21269 50142 
23200 5
11328 43223 58694 14342 74474 
12920 9
3418 58381 55294 15124 58380 31484 41178 15926 58379 
22585 8
28499 70936 62554 8897 70845 45624 73811 73933 
10334 7
50956 24165 46504 29106 42817 7933 50954 
25347 6
10344 28830 25951 15442 35955 76039 
18929 7
31765 38037 59356 14096 699 17642 69840 
1992 5
11454 12846 12845 12843 12842 
15332 10
32104 23574 3855 41703 17496 63911 2094 39596 46867 63910 
17356 4
67563 12695 67562 67561 
2919 10
18271 18270 18269 18268 18267 18266 18265 18264 18263 18258 
24263 8
59941 2224 71539 29311 74137 21326 5539 75286 
3315 8
20493 20492 20491 20490 10857 20489 20488 20483 
10581 4
26898 51779 51778 51771 
27245 6
25637 14580 9176 73012 36252 77183 
1563 7
10238 10237 10236 7022 10235 10234 10229 
26315 8
25181 2553 11583 2619 12656 60226 6981 76650 
10498 7
51509 42349 51508 36791 5198 9801 51507 
6721 7
37258 935 37257 37256 37255 37254 37249 
3825 10
10167 23267 23266 23265 23264 19870 23263 16968 20232 23259 
20198 6
61983 3203 71429 27187 18429 71428 
20577 9
46646 46494 69229 55933 27646 31889 64450 54641 71852 
19760 7
55500 48249 60034 38470 70913 64765 70912 
5963 6
16208 33890 10862 33889 33888 33885 
734 7
4922 4921 4920 4918 4917 4916 4915 
1255 3
8296 8294 8283 
21153 3
56933 58249 72498 
17303 7
11134 67482 34732 49375 53131 14556 67480 
3212 7
19924 19923 19922 19921 19920 12809 19919 
20437 7
58748 35099 9214 66944 63824 51800 71691 
3938 9
23864 23863 14894 23862 23861 18560 726 10644 23860 
1276 7
8433 5777 8431 8430 8429 8428 8427 
24916 10
59534 75449 67011 46228 21621 3778 30013 58679 25083 75741 
21595 8
53747 71893 48187 27507 72530 46016 28639 72979 
6938 5
38234 38233 38232 38231 38230 
28923 4
11145 26781 64073 78060 
22987 7
10018 37580 22770 72269 71475 69258 74300 
23295 7
23153 19200 73512 50276 64550 72284 74554 
9308 7
47522 47521 47520 47519 12119 16157 47518 
7789 8
6822 21692 24396 41736 41735 41734 12247 41729 
24208 7
31498 65482 56697 7406 668 41315 75250 
20702 11
68163 43984 72005 47644 10348 71043 56217 35600 47792 72004 72003 
23904 3
10347 51911 75026 
10010 6
18210 49893 49892 49891 49890 32499 
18197 4
25701 1096 61226 68827 
24240 7
73981 69906 37358 5912 56523 29036 69410 
28387 6
24123 73321 19540 21157 19588 77786 
28463 7
43046 8968 66664 19448 73697 70035 77826 
1436 6
9444 9443 9442 4559 9441 9440 
14125 7
3731 14717 61288 44753 61287 61286 61281 
5128 9
29908 29907 29906 29905 29904 29903 29902 29901 29900 
18882 7
67780 38306 35018 65715 60423 63455 69770 
6169 7
26143 34816 6857 34815 34814 24101 34809 
20987 10
15637 62742 37497 64980 49072 63778 31882 68919 11117 72316 
20042 6
57376 61586 68913 57141 52645 71244 
18016 8
26586 68584 68583 19211 44988 9876 336 68582 
16359 9
65905 54559 32325 60442 52762 48100 53334 57895 65904 
23202 10
39840 37494 68139 26845 33702 16447 33481 64900 69591 74475 
4315 8
19955 25805 25804 7596 25802 25801 16466 25795 
13214 5
53996 59120 42409 59119 59118 
11125 7
13143 50110 49304 52416 53479 27792 53472 
10065 5
9056 50070 41219 3980 50068 
3994 4
24147 24146 24145 24144 
18447 9
17065 40390 60292 56411 43362 34860 21938 26939 69192 
26138 4
62126 73232 63893 76542 
26945 5
10793 17478 44586 72450 77016 
18549 5
51967 21790 66997 55940 69327 
24099 5
30185 20557 47351 45538 75166 
13756 5
25193 8052 60448 59783 60447 
4325 7
5319 25853 25852 25851 25850 2721 25845 
11683 6
55109 27384 35350 24682 55108 55105 
13423 10
48896 13873 57427 15101 59648 59647 42102 27621 33168 59645 
14347 7
31528 18587 48810 51164 37403 33810 61764 
6112 7
34560 34559 34558 34557 5184 32265 34556 
25951 9
38278 18471 17667 53167 74669 570 41820 10698 76428 
8688 9
44717 45266 32600 21444 45265 45264 45263 45262 45261 
23542 3
49752 2048 74740 
5516 6
31766 31764 31763 31762 31760 31759 
27287 6
23626 19130 22263 64577 63729 77207 
22395 8
73764 21736 45827 17541 41958 59956 73763 73761 
3810 9
23191 23190 23189 18503 5471 23188 21405 23187 23186 
17048 8
2095 67087 48696 67086 16547 67085 67084 67083 
14953 9
63124 32368 48736 6306 11310 57306 52181 32151 63121 
25215 8
6204 53190 20805 53323 26620 34436 32397 75948 
22668 8
6552 43856 56685 38276 71192 51100 53271 74021 
22953 9
65066 74269 31945 73929 18999 32897 12075 73545 74268 
29164 8
49302 33703 7914 46307 10037 57063 59533 78181 
2257 8
14419 14418 14417 14416 14415 14414 14412 14406 
5697 7
32641 32640 15895 32639 11098 32638 32633 
29769 4
24406 14408 66591 78484 
77 9
535 534 533 532 531 530 529 528 523 
2398 9
15269 15268 15267 15266 15265 15264 15263 15262 15261 
17919 10
68437 56322 27153 24375 56819 7103 55400 9434 22584 68436 
26711 6
10689 55246 52944 652 41322 76875 
10229 7
50612 50611 50610 50609 39159 49405 50605 
1690 10
11010 11009 11008 11007 11006 11005 11004 11003 11002 11001 
25198 9
75938 50028 55689 4334 64624 27267 3280 3080 75937 
22784 10
17936 47529 70796 68601 5488 69129 73434 46353 27354 74123 
25888 6
60543 39103 71722 68590 61096 76391 
2303 7
1534 14692 14691 11114 14690 14689 14682 
24435 8
44003 74628 42023 63080 63050 73333 54890 75404 
1518 10
9963 9962 9961 9960 5942 9959 1487 9958 9957 9956 
13000 5
15090 39186 58582 26599 57433 
1632 7
10647 3581 9046 10641 10646 10645 10643 
11191 6
27379 20947 53675 21179 53674 53668 
24556 8
2760 30811 42855 75323 39323 33800 28081 75491 
18811 4
67566 69690 65108 69688 
23271 7
71892 16294 22494 26735 63560 59243 74532 
22634 7
73986 41684 61656 57166 65019 18225 73985 
4891 10
28714 28713 28712 28711 28710 28709 25521 28708 28707 28703 
12330 5
5452 56888 56887 37427 56886 
21829 8
59263 8469 7464 15473 73220 50098 43493 73219 
5169 4
30102 30101 3108 30095 
8494 6
1992 34586 31537 32333 14964 44527 
13677 8
22919 53857 60272 60271 60270 60269 58771 60265 
17250 9
28933 67409 60241 20357 31139 35710 67408 29185 67407 
27323 9
76227 35139 5619 58687 39812 62372 74318 29954 77225 
20536 8
46426 13113 35766 64705 67423 59178 2071 71807 
26929 5
42784 37100 66350 47836 77008 
1756 6
11410 11409 11408 11407 11406 11405 
1982 6
12787 12786 12785 8732 12784 12783 
6874 6
37949 31588 1125 37948 37947 37946 
29545 11
43588 63304 45813 35768 32540 58168 75411 45615 72229 21605 78372 
22958 6
26665 57807 44524 31652 37114 74272 
25026 5
35073 63081 16961 71405 75820 
5605 9
32191 7800 32190 32189 27937 1014 32188 32187 32182 
7553 8
38965 40795 10769 2731 40794 40793 23064 40789 
20954 6
56362 72278 7470 65607 8674 72277 
2513 8
15961 10590 15960 13908 15959 5774 15958 15953 
5421 8
2630 31318 13579 20102 31317 31316 31315 31308 
16817 6
14763 25618 52438 32010 14429 66714 
24419 9
7782 37617 912 75393 17192 28685 1231 14736 75392 
23935 8
59056 22227 72136 20893 48722 47082 10798 75049 
27723 8
64128 15388 37731 13861 16527 62322 46025 77444 
17845 7
47064 49358 63160 52997 68322 26714 68318 
22231 8
6408 56377 54680 10415 38330 32376 25041 73621 
25883 9
14296 24404 76387 69206 67710 71121 73781 74680 76386 
28817 4
41244 69567 66691 78007 
5161 7
30066 14107 30065 10067 30064 30062 30057 
21123 7
41772 70607 29152 60697 20531 63585 72470 
17254 9
60166 20877 11451 2750 26350 13633 52886 27333 67413 
5610 6
32212 10532 830 32211 1621 32210 
1047 6
6965 6964 6962 6961 6960 6952 
7645 9
16911 41157 41156 15433 32044 26396 41155 5057 41153 
6434 7
16930 35974 35973 13692 35972 35971 35970 
24073 3
25726 10908 75146 
19031 6
41446 2753 60872 30646 4420 69988 
24467 9
13265 75427 32441 5489 24394 47004 58643 10107 75426 
29283 10
74517 68802 49824 57183 67232 53421 61245 47555 48391 78240 
14105 7
26478 61240 40213 17287 46364 20005 61238 
23062 7
63707 36651 65900 8298 61414 74366 74365 
5408 7
31260 31259 19964 31258 31257 31256 31255 
17820 5
63031 65415 28547 68288 61297 
26888 7
56016 44913 51944 76984 38882 69305 76983 
25609 8
48054 4274 60555 36293 50747 54901 62523 76204 
1616 10
10554 10553 8241 10552 10551 10550 10549 10548 10547 10546 
241 11
1645 1644 1643 1642 1641 1640 1639 1638 1637 1636 1633 
22258 8
67835 13470 65208 71735 36001 34938 68731 73652 
670 9
4499 4498 4497 4496 4495 4494 4493 2545 4492 
13358 11
13116 8408 24874 56810 2274 43994 56423 24277 28842 58246 59484 
14765 5
45817 11295 60078 41448 62716 
22969 7
23054 10479 64312 22511 23300 25475 74281 
6837 4
37779 37778 37777 37772 
6514 10
36334 36333 303 1101 36332 36331 36330 36329 36328 36327 
24087 5
39509 57669 51943 19835 75157 
10572 9
38961 47696 51747 51746 48859 49517 51745 31927 51744 
29849 2
19806 78524 
11496 6
54584 34806 54583 20604 36521 54582 
29535 7
66656 38717 58004 22325 61710 64463 78367 
4522 9
26884 26883 20589 7856 15523 26882 26881 26880 26879 
15256 6
57057 33801 4470 44831 60063 63745 
24276 7
40355 45890 26590 52069 30817 1392 75295 
20321 7
63598 59551 71572 39285 55676 39415 71571 
10702 7
16898 31014 29300 8577 22152 52163 52162 
8294 7
43748 43747 21953 43746 38921 6854 43745 
24349 6
33848 42040 23957 51991 13170 75347 
28816 10
61760 35635 32326 20031 71845 68560 60559 3598 20653 46236 
8682 8
45239 45238 45237 45236 45235 27685 39962 45234 
20592 9
43188 57731 28732 32741 22390 9858 25881 19012 71874 
23444 6
1970 56304 59322 59646 49422 74666 
28848 6
58477 63804 11831 41456 12969 78023 
9223 7
45422 47215 47214 45711 47213 26198 47210 
12225 7
12220 16189 48700 56612 27771 34249 56610 
10983 6
53033 34510 25774 53032 52285 53028 
23245 10
71643 63232 63632 12174 73308 42947 66049 65064 49963 74511 
23365 10
37665 63595 66650 59963 32036 3550 35346 56901 28848 74608 
21461 7
45794 52413 41257 58680 42608 49090 72830 
27629 10
46292 16285 3594 33585 46194 51338 32299 16699 24326 77393 
14152 4
46666 61343 61342 61341 
23340 5
48170 61667 9038 30402 74589 
15986 4
27860 27871 26351 65182 
28037 7
61744 71777 62041 18169 76915 28432 77605 
9866 6
21514 49412 48522 49411 33698 49410 
12213 10
49914 149 32670 56578 22807 53761 56577 38370 24606 56574 
4355 8
26016 26015 26014 26013 26012 26011 26010 26004 
25636 6
76226 74813 13133 69389 11361 76225 
22923 5
22161 67415 58112 63967 74241 
5125 10
27251 21937 26430 29887 29886 29885 29884 29883 29882 29879 
10260 7
50709 45156 50708 50707 10633 29114 50706 
8823 6
45769 1786 45768 45767 45766 45765 
24909 11
64406 750 61579 53788 75736 28634 67513 57800 75400 48587 75735 
18692 8
69531 69530 69529 53630 43974 69528 69527 69526 
29215 7
17367 25349 28275 5821 76099 75434 78206 
27149 9
12369 70924 16664 62425 14954 59727 40441 21411 77127 
16138 10
35391 17839 50355 61918 16712 22943 20328 65491 65490 65489 
17422 9
39606 55256 34676 17494 34311 57381 63200 65166 67651 
21891 8
44367 26360 51607 73283 38512 60995 73282 73281 
8852 10
45868 42573 45867 27569 45866 17207 43800 45865 41012 45864 
22444 5
31885 56694 73809 63278 73808 
16905 8
58180 53680 48796 47457 58729 26445 66853 66851 
8875 9
45954 45953 41954 32004 15104 45952 45951 45950 45946 
7609 5
9224 41023 19989 30450 41017 
24525 9
41416 42915 59519 27729 56506 42489 35891 26182 75468 
22966 5
58008 74280 68417 64293 74279 
26430 8
72982 47325 57401 28457 18003 74062 51971 76716 
5701 6
32663 32662 32661 32660 32659 32652 
21132 6
50539 54568 50585 72480 36012 72479 
23359 6
39617 8925 47062 40464 41497 74604 
16572 5
41466 10935 64993 29747 66305 
4410 6
26316 26315 26314 24216 26313 26312 
24157 8
69499 28824 13275 45616 58951 75211 9519 75209 
14752 7
62691 62690 12394 62689 7639 60017 62688 
21046 10
37892 62922 22345 27895 44783 59845 60332 41987 72387 72386 
28678 6
47718 16206 73145 27492 63428 77937 
9251 9
47316 47315 47314 47313 47312 47311 32152 47310 47305 
2586 5
16376 8436 16375 16374 16372 
13598 5
16090 43649 24833 10854 60079 
3293 7
20375 717 1356 20374 20373 20372 20366 
15576 10
41797 13464 64415 17926 58574 27801 31682 8521 19353 64414 
23997 7
8961 60466 71076 67577 7427 61666 75092 
24427 5
60591 34162 57640 40509 75397 
21229 9
53566 36554 26704 9995 38945 3324 48713 34643 72579 
5779 8
33014 10803 33013 33012 33011 33010 33009 33005 
5881 8
33503 33502 33501 33500 33499 32338 33498 33492 
26647 3
72619 8845 76838 
11870 7
55622 10893 31169 32370 55621 1921 55620 
17991 8
23818 26710 13420 66697 2332 39648 35796 68543 
29334 7
49089 66223 13314 64167 57301 61536 78266 
15849 7
64936 9367 14524 41241 64935 64934 64931 
16598 5
51852 28620 66349 55948 66348 
22570 11
15354 28052 50694 70327 20607 36942 15150 15293 65342 38757 73921 
1021 6
6797 6796 6795 6794 6793 6788 
11885 10
36023 37331 29643 55663 11955 55662 41579 3446 55661 55659 
4242 5
25436 6174 11267 25435 25434 
27577 6
28941 6189 68957 29420 31354 77364 
7893 8
42165 27802 42164 42163 42162 42161 4206 42156 
15217 8
57187 33118 585 42346 63663 31595 63662 63659 
14301 6
61670 52600 52132 61669 52079 61664 
10280 9
37964 7451 50778 50777 1015 50776 15872 30226 50775 
27205 8
2623 73270 32090 65859 76931 14207 29720 77160 
90 8
623 622 621 620 619 618 617 616 
28500 6
23331 39921 18643 34201 58962 77846 
25818 7
76347 37070 76346 73142 68531 57134 76345 
17437 8
35518 20559 40610 51014 42684 67671 29030 67669 
1450 6
9537 9536 9535 9534 9533 9532 
3428 7
14405 21116 21115 21114 21113 15994 21112 
27803 5
66289 19781 58651 30324 77484 
27949 8
69850 14325 59409 30797 24753 69784 15627 77561 
14925 7
48761 58546 63065 42037 22416 37466 63063 
26263 5
47038 54140 50614 66300 76619 
12430 8
41651 56365 45118 33964 57154 13151 55011 57153 
24935 8
73757 18436 17521 34923 14396 51264 30023 75753 
5460 9
31517 23920 8756 17457 31031 31516 31515 31514 31513 
15142 9
5208 29322 61371 38832 10948 43186 63514 58099 63513 
13548 7
15422 54209 59957 44486 52931 45875 59955 
11509 10
54631 53695 11862 54630 20935 37998 54629 20916 50847 54627 
13989 12
60977 52679 24973 20552 41057 54426 35781 60976 45668 17686 36817 60974 
1024 5
6815 6814 6813 6812 6811 
13460 6
49444 59742 46196 7223 45032 59741 
15574 6
48410 47953 52901 53541 64408 64407 
896 6
5978 5977 5976 5975 5974 5973 
5320 9
30839 30026 30838 30837 3153 30836 30835 30834 30833 
13079 8
58790 10187 58789 18424 22268 10649 26032 58785 
26275 11
76627 64485 72250 10860 73261 41378 8907 17988 2357 21471 76626 
19250 5
67365 68214 22499 70292 70291 
9207 8
27617 47159 47158 47157 32827 46601 47156 47151 
24030 8
54848 67386 4102 28890 20555 41866 66123 75118 
23192 4
48059 49787 49720 74468 
3131 9
13202 19474 19473 19472 19471 19470 19469 19468 19464 
4672 11
27659 27658 27657 27656 27655 27654 18394 20881 27653 23002 27652 
15796 4
28155 64840 64839 64838 
15757 7
64774 33197 31796 7525 36397 40067 64771 
11812 5
46116 55475 34696 14163 55474 
26061 6
29172 34346 27216 26914 17763 76496 
1816 7
11772 11771 11770 11769 8370 3987 11768 
655 7
4397 4396 4395 4394 4393 4392 4385 
15114 5
62054 58591 53909 63454 63453 
22320 5
43857 56356 863 69372 73708 
1172 5
7765 7764 65 7763 7762 
15744 7
6380 58372 61206 24136 40870 56142 64753 
12671 11
49968 57764 22761 57763 57762 51133 13404 3807 12796 38517 57761 
15036 8
37991 29809 24514 40234 1421 24489 63294 63293 
5081 11
29660 29659 11974 29658 25405 28253 29657 29656 22933 28269 29652 
25917 8
24624 9382 63823 31303 53883 59518 23381 76408 
5552 7
31947 31946 12746 26640 12435 28878 31944 
5628 5
32302 16511 32300 32298 32297 
21593 8
62760 70629 53852 72978 62626 20355 44048 72976 
23111 5
19191 19678 41682 11349 74404 
29147 11
52974 65637 64773 40605 18779 59360 11971 62825 42771 52051 78172 
27887 6
39029 24343 16168 60296 73968 77528 
6963 7
38345 6992 38344 38343 8265 38342 38336 
28124 6
5187 241 55017 45245 27477 77651 
22672 5
35300 67872 3163 15086 74023 
16159 9
51547 37891 64131 65527 46083 54474 2527 59516 65525 
7600 7
40990 40989 40988 40987 40986 14023 40985 
13940 7
928 11079 31655 42576 60860 60859 60858 
3843 6
23357 23356 23355 12363 23354 23347 
19095 6
39982 70078 49236 51210 53677 70076 
4377 9
24309 26139 26138 26137 26136 14348 26135 24373 26129 
23798 9
26369 30145 62418 29240 68133 68676 2398 64667 74943 
14674 9
14990 28217 62535 19547 62534 62533 62532 62531 62530 
10812 5
52500 12376 34654 45438 52499 
7239 5
39503 10494 39502 24539 39496 
25339 5
8185 25361 42875 10182 76033 
768 6
5135 5134 5133 5132 5131 5130 
26948 9
58926 39786 1358 72427 19603 71388 65953 27031 77019 
28392 6
18189 69133 296 49065 21054 77789 
2589 4
16390 7192 16389 16381 
14381 7
61851 12632 61850 61849 7524 52711 61846 
2399 5
15274 15273 15272 15271 15270 
20688 5
54878 70585 61243 2742 71984 
13669 7
31120 45143 11537 1508 55780 30581 60252 
441 6
2983 2982 2981 2980 2979 2970 
29701 6
72378 74633 73655 47006 54607 78450 
29596 6
6460 71609 59986 33784 20188 78398 
17768 9
43603 40829 29926 68204 14063 68203 53974 12240 68202 
4729 7
27927 27926 7342 18335 27925 27924 27917 
3300 9
20412 20411 16367 20410 14522 20409 20408 20407 20406 
7024 7
38613 36846 38612 7119 38611 37451 38610 
18822 8
21984 21860 20584 9572 57924 42557 27754 69703 
3657 3
22354 22353 5450 
24204 8
57314 19763 19496 31418 36247 75248 28940 75247 
10017 6
49918 25985 37108 49917 49916 49910 
26027 7
55894 66777 61360 32963 21920 61169 76474 
17546 8
37132 31706 4914 51897 67840 18724 23201 67839 
2459 4
10622 15636 15635 15626 
18251 7
55996 68562 13830 62356 24475 25331 68916 
1698 8
11061 11060 11058 11057 11056 11055 8108 11054 
10763 6
52352 52351 52349 9724 10266 52344 
10822 7
48604 52526 7080 52525 1176 52524 52523 
443 5
2997 2996 2995 2994 2984 
16520 5
25755 54806 66209 66208 66207 
7003 3
38518 4716 38510 
23525 6
47390 71454 30845 55831 71338 74728 
4008 8
24225 24224 24223 20738 24222 24221 24220 24219 
19842 6
10334 26061 15137 22565 58662 71010 
21014 7
47044 60784 63826 72344 51602 13816 72343 
26153 4
31090 9343 40809 76550 
29286 7
31713 34694 13006 42145 70597 60430 78242 
18687 6
20248 61519 47591 42933 20917 68722 
5309 6
30782 30781 20777 30780 30779 30771 
19806 9
15559 58261 7821 67154 52657 32607 43088 66658 70969 
5828 3
33247 33246 33245 
3833 11
23308 23307 23306 23305 23304 23303 197 23302 23301 23299 23296 
24009 6
73815 2520 36136 26685 43932 75104 
13244 8
59199 31184 59197 39555 57540 2193 8705 59196 
27270 8
186 29442 21271 34939 12385 58740 44532 77199 
4341 5
25938 11173 16070 25937 25928 
27164 6
59772 55649 14686 33728 60016 77136 
28650 7
65648 22621 14257 8655 36046 49987 77922 
29768 10
23784 4991 13955 10984 69497 30804 70716 69004 48842 39261 
23334 7
10956 59526 57031 67489 74583 74030 74582 
22496 4
66870 1987 70488 73851 
15509 7
15109 14949 52059 18243 64281 64280 64279 
8957 11
46264 46263 45172 30861 46262 39818 46261 41877 32998 14998 46258 
7574 6
40882 16073 40881 40878 20794 40877 
5508 5
31735 31734 17771 31733 31731 
25881 7
58806 70903 69633 64393 14508 14800 76385 
1720 10
11195 11194 11193 11192 11191 11190 6956 11189 11188 11187 
21438 7
52299 22928 14331 5513 72807 18011 72806 
14044 8
61119 24188 61118 61117 35257 14465 61116 61115 
18727 6
27968 41666 46173 61232 69580 69577 
10093 7
26452 15951 50166 50165 24882 50164 50161 
14013 10
19030 29577 61033 52939 48795 40069 61032 61031 61030 61028 
19724 8
9991 18202 1475 42425 45581 59806 70257 70866 
8470 3
44444 44443 44442 
8355 6
13956 44011 44010 23871 44009 44004 
10745 7
49017 24684 11075 52297 39876 489 52294 
15308 7
39445 21604 56464 63855 31783 61470 63854 
2867 6
17972 17971 17970 17969 17968 17961 
17153 8
61819 31704 32807 49131 60294 47503 51035 67258 
17423 4
20138 33786 24118 40068 
4555 6
24453 342 27043 27042 27041 27037 
195 4
1336 1335 1334 1323 
13792 6
3308 33 47251 60530 12418 60529 
24376 5
10735 29218 7165 55869 75364 
11709 6
50691 55182 44001 55181 45216 55177 
22578 9
33878 34930 44349 37305 4744 65218 18590 23269 73927 
13044 7
28421 16713 7298 58697 37851 18865 58696 
19932 7
62430 28404 7444 61578 48752 49154 71119 
24934 6
65795 56285 40137 37129 71875 62295 
13835 4
19838 57641 60628 60622 
19506 8
15755 57461 70591 60024 8652 51595 69113 70590 
21576 9
58467 34165 51410 72959 72958 32514 14341 63880 72957 
21364 7
67629 58640 17046 30618 52115 3255 72725 
23776 11
63024 29898 11585 9891 64952 51388 44086 66551 43548 22460 74927 
54 8
382 381 379 378 377 376 375 374 
29642 9
64413 59925 49801 50641 34856 78273 52882 20668 78421 
20949 5
44114 14831 68301 34331 72273 
10219 6
11908 2859 3494 50581 33380 50578 
22748 10
47209 51008 74094 4877 17444 46708 21884 21457 72946 74093 
14947 7
22600 13703 40600 9388 451 14700 63109 
20698 10
5203 55931 53233 32942 45806 21374 35413 32476 42019 72000 
9380 4
43967 38274 47766 47764 
19254 10
36081 65293 10026 65816 32193 8931 70296 41106 112 70295 
26170 7
32443 24476 23316 59665 73572 54963 76561 
2736 7
17243 17242 9481 17241 17240 17239 17238 
21636 9
38034 66960 42366 2150 49211 30956 64182 72723 73017 
5974 7
33947 33946 33945 33944 33943 33942 33941 
4155 8
24999 24998 24997 24996 24995 24994 24993 24988 
25834 7
33438 21141 67803 74529 51250 66059 76356 
6966 8
38359 38358 899 7641 38357 38356 24712 38355 
12582 5
52094 57548 1198 15456 57547 
23376 8
24934 43097 49822 41635 68565 30178 55913 74615 
3846 9
23375 23374 23373 23372 23371 23370 7791 9115 23369 
15734 8
63736 46534 64732 24513 7016 2256 1162 64731 
17249 8
52014 60609 9086 50032 52784 16175 49048 67405 
28773 4
68548 49185 28719 77985 
2135 6
13683 13682 13681 13680 11374 13673 
16891 6
66828 39110 66573 35470 35441 66826 
11228 6
40840 53794 53793 53792 53791 53790 
4689 6
27741 11151 25104 27740 2666 27734 
9326 9
47583 47582 47581 15680 31883 44070 21160 47580 47579 
12068 8
46158 53072 56186 54564 5611 27422 48824 56185 
19902 8
69749 18244 63934 21722 47968 71087 30150 71086 
29694 8
36244 44514 52891 44780 24601 65673 67309 78447 
1208 7
7999 7389 7998 7997 7996 7995 7994 
7810 10
37385 38023 6417 41823 14994 41822 41821 12284 41819 41818 
2211 5
14135 14134 14133 14132 14125 
24740 8
38648 70672 44577 19760 38875 64261 75617 75616 
20931 6
72253 21957 29989 25591 59069 72252 
12472 7
23859 38884 33455 52880 10410 57271 57270 
5554 4
31953 27596 31952 31951 
26516 9
52648 59785 12674 64648 18073 3702 45685 72380 76767 
2337 9
14897 14896 14895 11764 14893 14892 11903 14891 14888 
3492 7
21470 21469 21468 21467 21466 21465 21464 
1496 6
9826 9825 9824 9823 9822 9820 
28857 7
66440 17976 58528 11424 64627 40619 78027 
10889 6
18106 23090 43237 52745 52744 52741 
2628 10
16620 200 16619 13347 16618 16617 16616 16615 16614 16613 
3847 4
23379 23378 23377 23376 
15795 7
40885 37312 35641 39035 64837 45282 64836 
22843 8
51688 50277 5125 74176 6231 27238 55034 74175 
13045 7
58702 58701 13303 58700 58699 58698 38916 
399 7
2702 2701 2700 2699 2698 2697 2690 
28129 6
37632 57365 58633 8832 71978 77653 
1860 9
12042 12041 12040 12039 12038 12037 12036 12035 12034 
20413 7
27563 23225 48872 49575 47089 57110 71670 
18964 8
38123 64100 57751 8597 25408 69889 40219 69888 
22324 12
47937 68011 70219 36994 57929 46462 72671 51594 58123 73562 54153 73711 
19564 9
17921 70664 2460 40599 58903 53889 70662 43178 70661 
13414 5
30259 59630 59629 59628 59627 
28860 8
16485 34490 12400 77146 59780 68681 36610 78029 
16855 4
66774 56214 52222 66771 
9566 5
38689 42931 48407 3120 48406 
24344 7
11334 73415 55667 43522 45912 31566 75344 
20233 8
62639 71467 17254 2841 14445 35657 2084 71466 
23491 4
74701 38557 54128 74700 
10506 10
51536 51535 51534 51533 38617 51532 44504 30007 51531 51530 
20847 7
72167 67022 29469 69571 47986 26812 72166 
17173 7
42730 26859 67286 46947 22704 67285 67283 
15523 6
62801 44987 38600 4798 60257 64305 
10646 8
51996 7621 8837 15583 27004 51995 51994 51993 
21611 7
39997 69608 24306 23703 8479 62972 72994 
2063 8
13272 13271 13270 13269 13268 13267 13266 13260 
13546 10
43864 22521 59952 17182 57216 40143 18565 50866 33268 59951 
14131 7
17210 12776 61300 55174 13882 52199 61298 
